16 0.5338312517096071 0.702096251384712 0.28678358403997095 0.2948242770688785
16 0.1347895744068741 0.5888807568826122 0.2358950633605022 0.35109484709855787
16 0.4456912794645901 0.6870693423363371 0.28678358403997084 0.2948242770688785
16 0.17009423071101168 0.6124004581828888 0.25765698027791123 0.4501157681997759
16 0.3626541196910796 0.6613198044654264 0.21149211211408053 0.4047856876689532
16 0.2720448070828045 0.6128818656260031 0.33072622998157936 0.33999896468427115
16 0.816732687574083 0.4081403110739296 0.366534624851834 0.6124618906280506
16 0.7144670320905567 0.37680424259595 0.3174683208235274 0.5584450355299709
16 0.6021787889609183 0.34014570793556004 0.29750981402155025 0.6124466619312261
16 0.4790058062621931 0.3082657642535755 0.26912272363549733 0.5683597247238437
16 0.34249949023013465 0.2754534630790107 0.2761100915713804 0.5223146297188971