16 0.37469217100895863 0.5163656760795053 0.3078448394451272 0.29494315469895555
16 0.4332877086629839 0.09352584315954456 0.48879763954819005 0.17605947565120536
16 0.3764158226689563 0.4288465385527365 0.3220851648327506 0.3064422261865803
16 0.40945525463215604 0.16820848786794465 0.36113273148653435 0.3230970028089243
16 0.38970408146721014 0.34720625689528467 0.41278840458706617 0.2226206022810129
16 0.42467036725511215 0.25954590919868864 0.4317000141219181 0.20986920951244992
16 0.7036270513250437 0.8218394716868473 0.5927458973499127 0.3563210566263054
16 0.7228222104883758 0.720670780093669 0.5543555790232484 0.326888166422662
16 0.7194323506077697 0.6103679197669613 0.5611352987844607 0.2995511190398273
16 0.7327885879654894 0.48761652699839814 0.5344228240690212 0.3229610024802355
16 0.7564849014989621 0.3539803333383569 0.48703019700207584 0.2524556120225403