16 0.46111111111111114 0.3377777777777778 0.08888888888888889 0.36
16 0.9311111111111111 0.3433333333333333 0.13777777777777778 0.45444444444444443
16 0.55 0.33 0.09777777777777778 0.36333333333333334
16 0.8288888888888889 0.3322222222222222 0.12333333333333334 0.4022222222222222
16 0.6344444444444445 0.3333333333333333 0.10222222222222223 0.37
16 0.7288888888888889 0.35777777777777775 0.10888888888888888 0.39555555555555555
16 0.20666666666666667 0.7077777777777777 0.2477777777777778 0.5211111111111111
16 0.33555555555555555 0.7077777777777777 0.16777777777777778 0.5011111111111111
16 0.45111111111111113 0.7155555555555555 0.14777777777777779 0.5677777777777778
16 0.5766666666666667 0.7244444444444444 0.14 0.5511111111111111
16 0.7177777777777777 0.7355555555555555 0.13444444444444445 0.5288888888888889