7 0.23444444444444446 0.5844444444444444 0.29333333333333333 0.18333333333333332
7 0.6733333333333333 0.61 0.31666666666666665 0.1922222222222222
7 0.7855555555555556 0.43666666666666665 0.27111111111111114 0.1388888888888889
7 0.4166666666666667 0.4311111111111111 0.2588888888888889 0.1411111111111111
7 0.10666666666666667 0.38666666666666666 0.21222222222222223 0.11444444444444445
7 0.24888888888888888 0.30333333333333334 0.20444444444444446 0.09777777777777778
7 0.3711111111111111 0.2411111111111111 0.19111111111111112 0.07444444444444444
7 0.6055555555555555 0.2477777777777778 0.2111111111111111 0.08777777777777777
7 0.5144444444444445 0.35 0.21 0.12111111111111111
7 0.6833333333333333 0.18777777777777777 0.14777777777777779 0.06666666666666667
7 0.47 0.17555555555555555 0.15333333333333332 0.08333333333333333
7 0.8855555555555555 0.18 0.17666666666666667 0.07444444444444444
7 0.87 0.25222222222222224 0.20444444444444446 0.08666666666666667
7 0.8244444444444444 0.3322222222222222 0.2388888888888889 0.1
7 0.3022222222222222 0.15777777777777777 0.17333333333333334 0.07222222222222222