7 0.21352835096441752 0.22618377371574114 0.22929208221642386 0.26860211859693106
7 0.12125153415864905 0.48050936072360023 0.2425030683172981 0.29163927837044157
7 0.20826938785862661 0.6341219021281271 0.2686705105547037 0.2613431048106185
7 0.3947263258552492 0.6453594328965878 0.28769143165592165 0.2798452715228748
7 0.31650469471855336 0.35383329078906833 0.36139750092314127 0.35154116753286757
7 0.3819195683976388 0.10998681562175278 0.24949419653805574 0.21997363124350555
7 0.564141790619861 0.10636487094936074 0.2583830854269446 0.21272974189872149
7 0.2887518306174699 0.8457838671608612 0.2591600500040947 0.2520920214544908
7 0.4547969256224165 0.847881609789015 0.2627808084651871 0.2721825700713003
7 0.653552229325383 0.3822015746393911 0.36183218696005387 0.48451230639896165
7 0.7715001110575506 0.12146022021628329 0.24251674404052917 0.23590262558126637
7 0.7927448073545842 0.5781759423017371 0.33650210642923106 0.4391623757864192
7 0.8648339620487483 0.27609332411511156 0.24391528027939938 0.25590262558126636
7 0.627827087473302 0.7976213072697318 0.27275744776208616 0.288100320094095
7 0.4624193104847643 0.849786911852403 0.2958033559676604 0.26909635487900285
7 0.47269756829051784 0.40175823482320716 0.25916005000409464 0.2520920214544905