7 0.3583362929363451 0.8244766812353588 0.2534087575086148 0.24138611775078136
7 0.15686298735799487 0.8509605124555725 0.16883227124933772 0.1764148276386499
7 0.7193492932098823 0.6866057245777791 0.16080737533052394 0.1424982365484771
7 0.7687984392882592 0.5870645743504871 0.18901336848295716 0.1826090453536128
7 0.8217620159335893 0.48278735080033086 0.20012447959406826 0.183581141615012
7 0.8849274364115501 0.345510228018833 0.20406712553567685 0.22599778308951401
7 0.7386154019913586 0.24095295939608377 0.20814937551288218 0.2174977327051848
7 0.6578533009692394 0.37534099175137575 0.18733443796159388 0.19574795943466625
7 0.5916261930083745 0.5062430767446267 0.18502166712256188 0.19333131796016434
7 0.5415884809207339 0.6202286714163633 0.18865117401571815 0.1737201564647239
7 0.37951904711235557 0.5491573501556551 0.1919599796396579 0.2005812423836705
7 0.4286267453225048 0.43082452066561405 0.20207505596586126 0.1771088942006251
7 0.48183744010887064 0.2933111734082643 0.21454439632911948 0.2114143237953576
7 0.5535050272990878 0.1375758054660093 0.22202600054707433 0.23199758155219716
7 0.22577068278261397 0.46407222817863425 0.18048667406130764 0.1907202572333823
7 0.26310890185459 0.3356975934650211 0.18964720880062594 0.19816460090916835
7 0.3202660236929463 0.210017629925334 0.21277491719094618 0.22233101565418895
7 0.3751763955996871 0.07876548859134183 0.20075831991173698 0.15753097718268366
7 0.14905680174426128 0.11871008418877396 0.22869266721374093 0.23258083930903664
7 0.09970198539307616 0.27027903738600845 0.18697224349435468 0.18685907054577747
7 0.07978497178912176 0.4113065380499755 0.15956994357824353 0.17738692390004895