7 0.31444444444444447 0.1711111111111111 0.2222222222222222 0.1511111111111111
7 0.5777777777777777 0.16 0.24333333333333335 0.1688888888888889
7 0.7033333333333334 0.29888888888888887 0.2088888888888889 0.16
7 0.6733333333333333 0.4855555555555556 0.22666666666666666 0.1688888888888889
7 0.41333333333333333 0.31333333333333335 0.31444444444444447 0.19555555555555557
7 0.15666666666666668 0.29444444444444445 0.19777777777777777 0.15
7 0.10555555555555556 0.47 0.2111111111111111 0.17777777777777778
7 0.8866666666666667 0.44666666666666666 0.21666666666666667 0.15888888888888889
7 0.8655555555555555 0.6144444444444445 0.2411111111111111 0.17666666666666667
7 0.3655555555555556 0.6522222222222223 0.4111111111111111 0.1811111111111111
7 0.09111111111111111 0.6844444444444444 0.18222222222222223 0.17777777777777778
7 0.5211111111111111 0.8533333333333334 0.37666666666666665 0.1988888888888889
7 0.21666666666666667 0.8355555555555556 0.20333333333333334 0.17333333333333334
7 0.7666666666666667 0.7633333333333333 0.21777777777777776 0.1811111111111111
7 0.8622222222222222 0.6211111111111111 0.22555555555555556 0.18333333333333332
7 0.42444444444444446 0.4822222222222222 0.20444444444444446 0.1811111111111111