7 0.2807396375688968 0.36554652961918743 0.3063675979690631 0.30466982902167805
7 0.7172709438655023 0.46789982538038105 0.33910917332453555 0.3372299634209413
7 0.7952391231705381 0.6655010705597284 0.2899968102913269 0.28838976182204634
7 0.43087180823028476 0.5654004677492056 0.30919102748830685 0.23164700067866306
7 0.13140533534227564 0.5193090226260982 0.21785644223287592 0.18084026747441864
7 0.24190578983720482 0.6397291563633075 0.20346550399472133 0.20233797805256473
7 0.3499558233060119 0.7345419837132415 0.2182152767472567 0.14538821358230256
7 0.5814651011590528 0.7952026550475041 0.2362259779885148 0.15066067133426259
7 0.5117846034458845 0.6711417465283689 0.25656591386457445 0.20037757353066707
7 0.6466523728810671 0.8758267285698664 0.15201445700755054 0.1511720525680082
7 0.4345560617097455 0.8260458213748393 0.1751778224028539 0.1278661264213977
7 0.8440083606190139 0.928937740867692 0.1660465607313242 0.142124518264616
7 0.8423873456938131 0.8672088480064793 0.23937989406465754 0.16854195077547957
7 0.813284431979765 0.7771814408197565 0.2780893656963561 0.188079256831728
7 0.26666654685980784 0.7949498632835478 0.19260621498541133 0.12202747306224662