7 0.5422222222222223 0.12777777777777777 0.21 0.17777777777777778
7 0.7388888888888889 0.08444444444444445 0.13777777777777778 0.12111111111111111
7 0.21 0.29555555555555557 0.14 0.10666666666666667
7 0.1811111111111111 0.39666666666666667 0.15 0.12777777777777777
7 0.1511111111111111 0.5044444444444445 0.15888888888888889 0.12555555555555556
7 0.10888888888888888 0.6455555555555555 0.17444444444444446 0.15333333333333332
7 0.2866666666666667 0.7344444444444445 0.17 0.14555555555555555
7 0.3388888888888889 0.5944444444444444 0.16444444444444445 0.14555555555555555
7 0.37666666666666665 0.46111111111111114 0.15888888888888889 0.1288888888888889
7 0.4022222222222222 0.34444444444444444 0.15666666666666668 0.12222222222222222
7 0.58 0.4 0.15888888888888889 0.13111111111111112
7 0.5566666666666666 0.52 0.17444444444444446 0.13
7 0.5322222222222223 0.66 0.17666666666666667 0.16
7 0.49444444444444446 0.8188888888888889 0.17444444444444446 0.16444444444444445
7 0.7533333333333333 0.47 0.15333333333333332 0.1288888888888889
7 0.7433333333333333 0.5988888888888889 0.16111111111111112 0.13555555555555557
7 0.7133333333333334 0.7277777777777777 0.16666666666666666 0.15666666666666668
7 0.6911111111111111 0.8866666666666667 0.1688888888888889 0.16555555555555557
7 0.9077777777777778 0.8033333333333333 0.18444444444444444 0.16555555555555557
7 0.9233333333333333 0.65 0.15222222222222223 0.1388888888888889
7 0.9233333333333333 0.5077777777777778 0.15222222222222223 0.1322222222222222