7 0.4331128078432702 0.24406002319030373 0.20846372965271737 0.3161058479171834
7 0.37390568882581976 0.6787478462524381 0.2353113954690581 0.3481481795480744
7 0.5387437120380241 0.8078625069794051 0.22798537475714992 0.234582041084796
7 0.5719880274131522 0.44228226425248174 0.2235150732913234 0.22998239322038835
7 0.6404323642998331 0.13905475999637604 0.15241689069090328 0.22972136072319743
7 0.7118013048164483 0.2882434822374468 0.17657690790014538 0.18168609064410682
7 0.7655088241515053 0.4168113907986641 0.14304964690644686 0.14718873166104862
7 0.7408179971956156 0.6493299061771899 0.12352800180201434 0.22871253849343595
7 0.6458377603658101 0.5471041437590897 0.15242981920159435 0.23194358294541972
7 0.7947905509998381 0.7323422591828517 0.09647347981461735 0.1611146513069894
7 0.8226918904374965 0.5210512574804096 0.10540115423557937 0.16809172481358245
7 0.7869473898602893 0.9297936992392515 0.14528479763936022 0.14041260152149712
7 0.7159526353453973 0.9004515436761565 0.11904477182549676 0.19909691264768703
7 0.6395833244246241 0.8580600514502374 0.1392516279965533 0.2581446393521964
7 0.8536550644839769 0.3565433250096064 0.08993609825486096 0.1831040683992665