7 0.23460136595545894 0.7210299657621665 0.22700435451212064 0.2220260005470742
7 0.18342416121406133 0.4585153510905034 0.20540803947992356 0.2654744102066109
7 0.3023727378138723 0.3259441187792892 0.21518121104794768 0.21046214635191418
7 0.49107615765063045 0.34803992134416184 0.21122026732291602 0.2524127227237069
7 0.3597032646470628 0.6153064973512385 0.2733265205266405 0.35689866036617407
7 0.38066685968254194 0.8732653723626359 0.18255991006767622 0.2202150282108783
7 0.5592560137024756 0.8978777296624527 0.2452093517017354 0.20424454067509462
7 0.4210232827464012 0.13684204272662304 0.21991046843361686 0.21508768802997819
7 0.5904105942824334 0.1515015153819457 0.21637674412042232 0.2637049310684377
7 0.7031359418694901 0.6481398732288368 0.24275519144251778 0.4332276602749951
7 0.7746691627874187 0.9052282125891254 0.22643472862967126 0.18954357482174905
7 0.852518550687831 0.48436320007931954 0.29496289862433794 0.3394340216368487
7 0.8938754667191674 0.7883303737303216 0.21224906656166517 0.2335898547422342
7 0.7524175035970638 0.24121852620037001 0.2384565598720322 0.26238819501431343
7 0.5971484641844063 0.15288427234348623 0.23882749797629357 0.23358985474223434
7 0.5258433680127983 0.5965873623648229 0.21882749797629358 0.23277491719094617