7 0.1446420360151662 0.45411103329916064 0.26217992827124276 0.259229732116741
7 0.08092777452368077 0.6324817652142717 0.12336510089645741 0.16274130820632107
7 0.37811995218082844 0.17755245727679042 0.14796474876086527 0.16775470341056803
7 0.4824479940603005 0.1766500953717041 0.17540743252734856 0.1905975991889384
7 0.5945538137175502 0.17592876325382767 0.1824621077439234 0.2018638786890866
7 0.7409876752542719 0.17267580114597592 0.22124870775146266 0.23163205511585197
7 0.7911111582110005 0.36812884011916114 0.20238450603394187 0.20010716163397546
7 0.6439153932580853 0.38135594082884 0.1981728667194423 0.20667038270795085
7 0.5051817077891597 0.3825677105016794 0.1801622838117195 0.19958993367051867
7 0.3850653052241872 0.37644134616567926 0.18398591457631078 0.1819156014854323
7 0.40265615911876707 0.5622555157029633 0.19380602398497962 0.20878915933748166
7 0.5251111864709342 0.5717669361686424 0.19786245987951562 0.19778149381906182
7 0.667682616388074 0.585077195134766 0.2051499402260356 0.2157144399858766
7 0.8310935514313891 0.5911010428883957 0.2230829214237767 0.22057266680108664
7 0.4358025685689025 0.748431744814667 0.17080778466294064 0.18604970915180274
7 0.5632064514803949 0.7724910553174819 0.2069841538983495 0.2046550516711113
7 0.6955062754125988 0.7777907839222722 0.2048395333861092 0.20682555109698772
7 0.8560882882374613 0.7981814919258279 0.21618344962716493 0.21375083174538279
7 0.726881959216779 0.9356904366083459 0.2249665094388264 0.12861912678330809
7 0.5734322233184732 0.9307536965882964 0.19408820345766034 0.13849260682340703
7 0.4351112335708237 0.9137240413368891 0.1729524051751812 0.17255191732622177