23 0.6620873411694318 0.3311805635743667 0.3138044125623706 0.3245279660241282
23 0.33351157608958015 0.15516415593711663 0.33742129226528417 0.2903961372289501
23 0.19433449577950587 0.3506669920883744 0.3456396428223213 0.35745109301208333
23 0.4095529241484934 0.42550861059575973 0.31607835758093844 0.32687961795183934
23 0.1429158349212838 0.5863848531927864 0.2858316698425676 0.33721415083001727
23 0.23109903397693776 0.6354130935676292 0.3425381330622224 0.3195438855288168
23 0.48812683120770317 0.6826491616265583 0.3380936886177781 0.31928502611783893
23 0.395721721177629 0.7807405918875931 0.3562852487663213 0.33809824153952756
23 0.37794208537920915 0.8586937074966648 0.3579902430250867 0.2826125850066703
23 0.5964430532955055 0.8817671445850297 0.35499217885767925 0.23646571082994064
23 0.6531891621773327 0.8090877710576333 0.3494634137106176 0.3310432857563943
23 0.8204007762262711 0.6997766803749195 0.3337009669696792 0.32124838892908353
23 0.8583125060465181 0.4572089666600634 0.2719959727109138 0.33984657939761787
23 0.5913410766637036 0.16795577955160126 0.328428957783704 0.2854339739625502
23 0.5 0.5 1 1