26 0.5818374382682363 0.22282818250404987 0.34893286315342864 0.4162335259699756
26 0.7678019654511273 0.46761254116602535 0.3389105092643124 0.3206262476180743
26 0.621725668822654 0.7024421195520993 0.38217568065975627 0.36155725795229654
26 0.2835400196880806 0.7814020895632595 0.42063361078903994 0.3979403782493829
26 0.5267137583644026 0.529907702531161 0.32866094891556485 0.35809368861777807
26 0.35455914794479965 0.4023330998974818 0.4146474632307257 0.3246070449160497
23 0.7478468566077835 0.3302217553505192 0.24054346171888077 0.22961672407901257
23 0.7418841632091256 0.6351058435639018 0.24516930457418312 0.23194239189392601
23 0.4983699816002042 0.7953080896976794 0.28308303947089297 0.26165884552434593
23 0.29065944886819906 0.5578101422481978 0.2692055109049855 0.25468184207960526
23 0.44068106924362244 0.24737328551022264 0.2847156251686149 0.2816588455243459