26 0.8125949266073139 0.5516303444375026 0.3323781051588301 0.23513057580705146
26 0.17751772594732573 0.43610006693761405 0.3350786822766199 0.31746925976101364
23 0.7266716493053804 0.41931055912186116 0.26139627915462926 0.2536260226135907
26 0.5645722479347228 0.38969774159372333 0.3285671577382454 0.34378654123246016
23 0.38571568032256137 0.3747670166330904 0.21680962109258367 0.22685234353434441
23 0.46634695492147316 0.8435787760177883 0.2211506374515001 0.2093074892200467
26 0.6498742159151718 0.8198535355530125 0.2816289923470675 0.29467417819925157
26 0.33465480163758254 0.7455381918681417 0.3040063566975818 0.32250546218331894
23 0.7591962099122096 0.7511157159638325 0.15883791565444072 0.19049100517576892
23 0.2140091169113478 0.6591910274883068 0.24586658062045577 0.2572552349358546
26 0.4922199997972745 0.5993042995113738 0.24111185191942708 0.2036889781390409