23 0.4888352628757403 0.7909883292859204 0.35781864495623406 0.36178819000369206
23 0.8426219239150593 0.8229752070678008 0.3147561521698814 0.34443763163775154
23 0.8471529471828552 0.5547983505319737 0.3056941056342897 0.3074580113760723
23 0.6466020563834505 0.5895889988302382 0.34600876345468223 0.34774282431729714
23 0.8153823979088525 0.3025198470021759 0.35805156841971436 0.36623263444813675
23 0.682102570781809 0.31612647775234987 0.334431805416611 0.33814190307534636
23 0.44477174129267066 0.3939375057889351 0.34671698316428345 0.31899634189902054
23 0.46883691763350627 0.2614867519330638 0.3702202844356465 0.3448648510495887
23 0.42523132860914364 0.16899463869734735 0.32601821277384285 0.30438135033017594
23 0.22176735956532947 0.2168619480415083 0.3419231535246187 0.3120448622911292
23 0.24009909804432628 0.3553517581723479 0.3491721288499857 0.32358319281407744
23 0.1752627464684394 0.533914474740167 0.311394351072208 0.32116228281366715
23 0.23690419498286827 0.7803807504269723 0.35220958319438866 0.3392811548402455
23 0.636764109953227 0.8850669452311233 0.3246206719929617 0.2298661095377535
23 0.5 0.5 1 1