23 0.2577777777777778 0.38666666666666666 0.22777777777777777 0.27666666666666667
23 0.15666666666666668 0.7544444444444445 0.22777777777777777 0.27666666666666667
23 0.41555555555555557 0.8277777777777777 0.22777777777777777 0.27666666666666667
23 0.42333333333333334 0.6022222222222222 0.22777777777777777 0.27666666666666667
23 0.6688888888888889 0.8533333333333334 0.22777777777777777 0.2822222222222222
23 0.6788888888888889 0.7177777777777777 0.22777777777777777 0.2822222222222222
23 0.6477777777777778 0.46 0.22777777777777777 0.27666666666666667
23 0.77 0.5222222222222223 0.22777777777777777 0.27666666666666667
23 0.8822222222222222 0.5111111111111111 0.22777777777777777 0.27666666666666667
23 0.8577777777777778 0.2911111111111111 0.22777777777777777 0.27666666666666667
23 0.7211111111111111 0.2688888888888889 0.22777777777777777 0.27666666666666667
23 0.5666666666666667 0.13555555555555557 0.22777777777777777 0.27111111111111114
23 0.31444444444444447 0.13555555555555557 0.22777777777777777 0.27111111111111114
23 0.08777777777777777 0.5 0.17555555555555555 0.34444444444444444
23 0.4911111111111111 0.4911111111111111 0.9822222222222222 0.9822222222222222