26 0.17908532351433779 0.5023897288842845 0.35817064702867557 0.30255723554634667
26 0.2805087164889562 0.7850868992171616 0.2991074834394068 0.3326272029396119
26 0.55048051044438 0.7597293210521167 0.32382995758327526 0.3116470006786631
26 0.769518990302223 0.48767460549195674 0.3914959188693327 0.37676726947718964
26 0.4422564743863056 0.5940367295629474 0.34296867012701177 0.32803056954173415
26 0.40657348778686486 0.37705649436423666 0.34074644790478953 0.3279270678782946
23 0.16934119328869268 0.7040457554993155 0.22146972819792551 0.2294186513729892
23 0.4376342329283308 0.8381463253720766 0.23683086450120122 0.22792094079484312
23 0.6870907650218941 0.6902286128077685 0.24949732963055093 0.24621622688981815
23 0.5716429952117208 0.3903229238460306 0.2266082392043452 0.26285548636976197
23 0.23410144190979496 0.38464242183495523 0.27066384514423 0.2604810751941064