26 0.19333333333333333 0.47444444444444445 0.35333333333333333 0.21444444444444444
26 0.37666666666666665 0.21666666666666667 0.22444444444444445 0.2822222222222222
26 0.6377777777777778 0.2822222222222222 0.26 0.2611111111111111
26 0.8022222222222222 0.5822222222222222 0.35777777777777775 0.23777777777777778
26 0.5 0.4288888888888889 0.3 0.22666666666666666
26 0.42333333333333334 0.6355555555555555 0.21666666666666667 0.32555555555555554
23 0.2511111111111111 0.28 0.17444444444444446 0.19333333333333333
23 0.5422222222222223 0.18777777777777777 0.18 0.18
23 0.7588888888888888 0.3711111111111111 0.18777777777777777 0.19777777777777777
23 0.5888888888888889 0.6477777777777778 0.16666666666666666 0.22666666666666666
23 0.2544444444444444 0.6022222222222222 0.22666666666666666 0.20777777777777778