26 0.5642701434471413 0.20065675406785233 0.2578393821285499 0.3499787836534323
26 0.43031631642578666 0.8155888490362966 0.3242471893842388 0.3470860230993584
23 0.4282824643172957 0.2662871067869633 0.27604928348061764 0.2816071227280002
26 0.3941386400736709 0.4230562900360003 0.3829748095582621 0.2885342613970373
23 0.3754746979184013 0.597939449239062 0.28353636283804085 0.21964351448750652
23 0.8456150862383459 0.5922380153976797 0.2267940227041739 0.23607649956029642
26 0.8269652131995047 0.4053903189438031 0.33645948982599594 0.2519442499145682
26 0.7435859717403663 0.7074813761545191 0.33158292180726145 0.3206262476180743
23 0.7612165499197068 0.2862418870628648 0.19753876192773026 0.19101138155970387
23 0.6532613606426535 0.8141203234023708 0.22219823132532887 0.27147688672681497
26 0.6021851990428915 0.5277630645034572 0.23762435717539548 0.2696167240790126