26 0.18444444444444444 0.48 0.3244444444444444 0.20444444444444446
26 0.8177777777777778 0.5844444444444444 0.3111111111111111 0.27111111111111114
23 0.26666666666666666 0.6111111111111112 0.2311111111111111 0.2088888888888889
26 0.4288888888888889 0.6377777777777778 0.23555555555555555 0.3333333333333333
23 0.6066666666666667 0.6488888888888888 0.16444444444444445 0.24
23 0.54 0.18222222222222223 0.2088888888888889 0.18666666666666668
26 0.35555555555555557 0.2088888888888889 0.19555555555555557 0.29333333333333333
26 0.6688888888888889 0.2777777777777778 0.26222222222222225 0.27111111111111114
23 0.24444444444444444 0.28 0.1511111111111111 0.17777777777777778
23 0.7866666666666666 0.3622222222222222 0.24888888888888888 0.18222222222222223
26 0.5066666666666667 0.4266666666666667 0.2311111111111111 0.17777777777777778