10 0.5088888888888888 0.2966666666666667 0.16444444444444445 0.27111111111111114
10 0.9088888888888889 0.45555555555555555 0.18222222222222223 0.3422222222222222
10 0.09555555555555556 0.4633333333333333 0.16444444444444445 0.3244444444444444
10 0.28888888888888886 0.5366666666666666 0.21555555555555556 0.27666666666666667
10 0.4988888888888889 0.5777777777777777 0.17666666666666667 0.3277777777777778
10 0.7188888888888889 0.5844444444444444 0.22333333333333333 0.2966666666666667
10 0.8777777777777778 0.7611111111111111 0.24444444444444444 0.35888888888888887
10 0.25333333333333335 0.7711111111111111 0.2611111111111111 0.3277777777777778
10 0.06111111111111111 0.8155555555555556 0.12222222222222222 0.3377777777777778
10 0.43444444444444447 0.8511111111111112 0.2111111111111111 0.29777777777777775
10 0.6477777777777778 0.8555555555555555 0.20333333333333334 0.2877777777777778
10 0.8977777777777778 0.14 0.2011111111111111 0.26222222222222225
10 0.09333333333333334 0.1411111111111111 0.1811111111111111 0.2822222222222222
10 0.30333333333333334 0.24555555555555555 0.22777777777777777 0.2544444444444444
10 0.7077777777777777 0.27666666666666667 0.21555555555555556 0.2822222222222222