10 0.7061905341960469 0.4788343821115981 0.3035021447806323 0.22527530851163913
10 0.5817540356235797 0.8643786903358389 0.3014609217080844 0.2563476305895766
10 0.5017058226028976 0.09939062280053358 0.35452275631690644 0.19878124560106716
10 0.4472621189667691 0.28555613218198306 0.2860863653022029 0.28718721846847073
10 0.42516345840442743 0.49818563925253034 0.36139627915462924 0.24628382337415827
10 0.43866560318505987 0.7179722995700744 0.2928047460116337 0.2961924744568811
10 0.2784077737795555 0.8674511711418427 0.4014867787294663 0.26253758152684237
10 0.21050495272526537 0.274131608659439 0.3572879759881511 0.3039840230855884
10 0.16390218780373783 0.09492678383950223 0.3276492334791835 0.17459087676543997
10 0.15714650317886594 0.4617486066388642 0.3103885961290463 0.26316945338893827
10 0.16838117594985755 0.6737962782118042 0.32151263575084843 0.26558562077702974
10 0.8777275453516455 0.8469393431517385 0.24454490929670883 0.2354554828265787
10 0.8216023945173696 0.0785873004351981 0.30098256681251695 0.1571746008703962
10 0.7383085875244252 0.26936365772510196 0.2704532386825013 0.2735823619029207
10 0.7451124851699793 0.6748416352143098 0.31482011206279975 0.26102480923306376