10 0.6919025953409379 0.5320756128983328 0.24558606200533353 0.2539784081927961
10 0.5433831981090369 0.1251083260308465 0.34878915933748167 0.20672827101743874
10 0.5156154885539745 0.9151871100000191 0.34000371604128404 0.1696257799999618
10 0.4467820385027154 0.7380972047055369 0.2774212922652843 0.28690153518075123
10 0.4105587316462712 0.525702755153993 0.33535238041145693 0.20150724834006117
10 0.4090126218178269 0.30531446603752643 0.2978350746360497 0.30584418030792854
10 0.23780085214498753 0.15626534526776267 0.32439829571002493 0.30295289232935035
10 0.21151002931674012 0.7599979263320183 0.35556112961748176 0.30698713042841647
10 0.16880294360148113 0.9337216224498 0.33760588720296225 0.13255675510040016
10 0.14467255197639486 0.5754031717871643 0.28934510395278973 0.2352507880187729
10 0.14493302397876534 0.361940408748342 0.2898660479575307 0.23499192860779505
10 0.8573104145900245 0.1656448515797413 0.25426805970883987 0.2456072381258625
10 0.8392332972672092 0.9137075533333716 0.24946155568997558 0.1725848933332567
10 0.7382293477900735 0.740608051680132 0.2699787836534324 0.2531799127309513
10 0.7165317856138762 0.33435159135884357 0.3009864491718521 0.2505474841633506